41
Tessaracoccus_bendigoensis-contig-1 0 0.211188 0.34827 0.379045 0.421391 0.36189 0.408026 0.396903 0.414374 0.408026 0.414374 0.402232 0.448402 0.414374 0.387376 0.448402 0.402232 0.387376 0.391969 0.429237 0.396903 0.438132 0.375241 0.379045 0.438132 0.391969 0.38308 0.396903 0.429237 0.408026 0.438132 0.379045 0.448402 0.438132 0.46055 0.429237 0.396903 0.396903 0.438132 0.356102 0.448402
Tessaracoccus_bendigoensis-contig-2 0.211188 0 0.402232 0.421391 0.408026 0.38308 0.429237 0.429237 0.429237 0.421391 0.448402 0.429237 0.448402 0.47542 0.387376 0.494592 0.408026 0.421391 0.47542 0.47542 0.402232 0.494592 0.408026 0.387376 0.421391 0.414374 0.391969 0.438132 0.494592 0.408026 0.414374 0.429237 0.494592 0.46055 0.75 0.494592 0.414374 0.402232 0.46055 0.391969 0.46055
Tessaracoccus_bendigoensis_DSM_12906 0.34827 0.402232 0 0.17635 0.16248 0.123137 0.186994 0.181826 0.178664 0.151764 0.14891 0.143175 0.199314 0.151998 0.148688 0.196844 0.126157 0.158956 0.157783 0.164465 0.1024 0.170837 0.110242 0.162063 0.168793 0.153303 0.135852 0.151998 0.163464 0.12158 0.159353 0.128709 0.162759 0.170043 0.173448 0.17295 0.128315 0.162201 0.18825 0.122851 0.19517
Natrialbaceae_archaeon_B1Sed10_119R1 0.379045 0.421391 0.17635 0 0.194001 0.151998 0.209393 0.222082 0.223906 0.182594 0.200586 0.213981 0.212414 0.200074 0.171966 0.269908 0.169571 0.235202 0.215262 0.251676 0.155377 0.232188 0.163606 0.062893 0.228111 0.185157 0.178483 0.190839 0.234763 0.159088 0.218581 0.184956 0.214939 0.221723 0.225404 0.242178 0.160153 0.185763 0.183371 0.156127 0.230938
Actinomyces_sp._2129 0.421391 0.408026 0.16248 0.194001 0 0.14534 0.171966 0.189964 0.189964 0.137576 0.150721 0.155253 0.205389 0.189531 0.170043 0.198563 0.149358 0.171966 0.161924 0.18741 0.148135 0.182209 0.146937 0.178664 0.189531 0.160153 0.15476 0.139543 0.186581 0.138318 0.178846 0.151182 0.203747 0.166516 0.191727 0.199566 0.163891 0.155377 0.206226 0.120474 0.195882
Propionicicella_superfundia_DSM_22317 0.36189 0.38308 0.123137 0.151998 0.14534 0 0.167266 0.168484 0.169415 0.132804 0.138132 0.138225 0.184755 0.147261 0.124885 0.199314 0.114382 0.150149 0.14891 0.170518 0.108393 0.166071 0.113348 0.137118 0.163464 0.138411 0.122708 0.138132 0.165044 0.110014 0.156379 0.122283 0.157141 0.159752 0.169885 0.172456 0.117605 0.137761 0.178846 0.104769 0.18556
Faecalibacterium_sp._UBA7177 0.408026 0.429237 0.186994 0.209393 0.171966 0.167266 0 0.187202 0.187619 0.147915 0.167872 0.156253 0.188462 0.184556 0.175655 0.207074 0.169728 0.170043 0.16248 0.177943 0.177053 0.208513 0.174119 0.188462 0.187829 0.162063 0.163464 0.149583 0.191504 0.161374 0.188462 0.147478 0.19733 0.167266 0.19331 0.19354 0.170518 0.171157 0.243167 0.152351 0.18556
Hydrogenophilales_bacterium_12-61-10 0.396903 0.429237 0.181826 0.222082 0.189964 0.168484 0.187202 0 0.048041 0.158432 0.174119 0.160557 0.190182 0.175655 0.154392 0.184755 0.163606 0.142973 0.159088 0.171966 0.165189 0.19195 0.170997 0.208223 0.169571 0.154515 0.148025 0.164321 0.160153 0.166815 0.177053 0.139258 0.170359 0.161511 0.19354 0.173282 0.163181 0.165335 0.218581 0.164609 0.195406
Hydrogenophilales_bacterium_16-61-112 0.414374 0.429237 0.178664 0.223906 0.189964 0.169415 0.187619 0.048041 0 0.159752 0.179947 0.161648 0.19377 0.180879 0.156885 0.18825 0.165189 0.147915 0.164754 0.174797 0.167115 0.19733 0.174457 0.210886 0.175655 0.163891 0.151647 0.165044 0.170997 0.169728 0.175828 0.14534 0.178302 0.163323 0.19733 0.181635 0.168638 0.164321 0.219266 0.169259 0.19982
Aphanothece_cf._minutissima_CCALA_015 0.408026 0.421391 0.151764 0.182594 0.137576 0.132804 0.147915 0.158432 0.159752 0 0.137946 0.134004 0.182594 0.158302 0.147153 0.170359 0.139543 0.138318 0.12563 0.154149 0.14138 0.164465 0.141873 0.166516 0.165923 0.129185 0.125855 0.033405 0.155502 0.129425 0.163891 0.119726 0.169885 0.134265 0.160828 0.170359 0.141873 0.139733 0.210886 0.113711 0.180692
Desulfovibrio_desulfuricans_ND132 0.414374 0.448402 0.14891 0.200586 0.150721 0.138132 0.167872 0.174119 0.179947 0.137946 0 0.134701 0.196121 0.156631 0.155377 0.178846 0.146721 0.148245 0.13323 0.161648 0.141873 0.161237 0.143582 0.181256 0.166815 0.14608 0.126613 0.143175 0.159088 0.128946 0.165923 0.128315 0.168948 0.142371 0.174288 0.168025 0.135852 0.126233 0.21624 0.116574 0.178664
Deinococcus_radiopugnans_ATCC_19172 0.402232 0.429237 0.143175 0.213981 0.155253 0.138225 0.156253 0.160557 0.161648 0.134004 0.134701 0 0.192175 0.150492 0.136391 0.164609 0.13072 0.124959 0.127846 0.138505 0.139925 0.15922 0.145762 0.200586 0.151298 0.155006 0.124885 0.134352 0.145974 0.124077 0.130231 0.10917 0.158432 0.140117 0.159485 0.155377 0.134965 0.147153 0.22317 0.123209 0.186994
Lentisphaeria_bacterium_CSSed165cm_64 0.448402 0.448402 0.199314 0.212414 0.205389 0.184755 0.188462 0.190182 0.19377 0.182594 0.196121 0.192175 0 0.18825 0.179947 0.205112 0.18556 0.185967 0.182209 0.194935 0.188674 0.209098 0.185157 0.19982 0.201102 0.172456 0.166665 0.183567 0.196602 0.185157 0.208513 0.171157 0.207934 0.187202 0.209098 0.206508 0.184956 0.183371 0.237903 0.181445 0.204018
Verrucomicrobiae_bacterium_Tous-C4TDCM 0.414374 0.47542 0.151998 0.200074 0.189531 0.147261 0.184556 0.175655 0.180879 0.158302 0.156631 0.150492 0.18825 0 0.147587 0.185967 0.133059 0.153184 0.151647 0.1611 0.143582 0.170043 0.147478 0.187619 0.157525 0.157397 0.129505 0.1611 0.164321 0.132045 0.163606 0.125256 0.155006 0.164177 0.174797 0.162759 0.133487 0.161924 0.213036 0.137853 0.187202
Sphingomonas_sp._Leaf343 0.387376 0.387376 0.148688 0.171966 0.170043 0.124885 0.175655 0.154392 0.156885 0.147153 0.155377 0.136391 0.179947 0.147587 0 0.188674 0.126384 0.1443 0.157141 0.155502 0.127612 0.181256 0.130312 0.154515 0.151998 0.141972 0.118194 0.149696 0.16234 0.128472 0.16234 0.113893 0.147587 0.155626 0.171966 0.157525 0.123932 0.151067 0.198314 0.127612 0.177943
Alcanivorax_jadensis_T9 0.448402 0.494592 0.196844 0.269908 0.198563 0.199314 0.207074 0.184755 0.18825 0.170359 0.178846 0.164609 0.205112 0.185967 0.188674 0 0.183961 0.152707 0.148356 0.173448 0.190839 0.192854 0.191727 0.249993 0.182209 0.185763 0.163891 0.170043 0.160153 0.181826 0.189101 0.161374 0.196844 0.153906 0.196844 0.186787 0.19106 0.198563 0.243667 0.176001 0.220658
Mycolicibacterium_litorale_CGMCC_4.5724 0.402232 0.408026 0.126157 0.169571 0.149358 0.114382 0.169728 0.163606 0.165189 0.139543 0.146721 0.13072 0.18556 0.133059 0.126384 0.183961 0 0.137853 0.134789 0.151414 0.117087 0.153064 0.123353 0.148799 0.151414 0.137209 0.113227 0.138974 0.144818 0.092321 0.142872 0.105235 0.134352 0.14947 0.149134 0.1443 0.099146 0.147261 0.182401 0.106925 0.182787
Vogesella_sp._LIG4 0.387376 0.421391 0.158956 0.235202 0.171966 0.150149 0.170043 0.142973 0.147915 0.138318 0.148245 0.124959 0.185967 0.153184 0.1443 0.152707 0.137853 0 0.116574 0.1443 0.146829 0.164177 0.156253 0.219266 0.140794 0.143175 0.124517 0.138318 0.129265 0.134439 0.152588 0.108724 0.148245 0.127457 0.160019 0.155626 0.137761 0.153064 0.225783 0.135763 0.182787
Zobellella_denitrificans_ZD1 0.391969 0.47542 0.157783 0.215262 0.161924 0.14891 0.16248 0.159088 0.164754 0.12563 0.13323 0.127846 0.182209 0.151647 0.157141 0.148356 0.134789 0.116574 0 0.149134 0.148025 0.15922 0.151414 0.201884 0.157783 0.141774 0.122424 0.12769 0.13255 0.132045 0.155876 0.113408 0.162759 0.056549 0.161237 0.161237 0.1406 0.151881 0.221366 0.124223 0.186171
Novispirillum_itersonii_subsp._itersonii_ATCC_12639 0.429237 0.47542 0.164465 0.251676 0.18741 0.170518 0.177943 0.171966 0.174797 0.154149 0.161648 0.138505 0.194935 0.1611 0.155502 0.173448 0.151414 0.1443 0.149134 0 0.165629 0.169415 0.175655 0.223906 0.161648 0.166367 0.13255 0.156631 0.158172 0.150492 0.167568 0.129026 0.170677 0.152945 0.175482 0.153664 0.155626 0.176525 0.244172 0.151881 0.196361
Tessaracoccus_aquimaris_NSG39 0.396903 0.402232 0.1024 0.155377 0.148135 0.108393 0.177053 0.165189 0.167115 0.14138 0.141873 0.139925 0.188674 0.143582 0.127612 0.190839 0.117087 0.146829 0.148025 0.165629 0 0.167568 0.088853 0.144714 0.158042 0.141774 0.122212 0.142371 0.160964 0.111627 0.150606 0.115876 0.153303 0.159618 0.161786 0.170837 0.116894 0.148577 0.179577 0.109281 0.185157
Caldilineaceae_bacterium_bin34 0.438132 0.494592 0.170837 0.232188 0.182209 0.166071 0.208513 0.19195 0.19733 0.164465 0.161237 0.15922 0.209098 0.170043 0.181256 0.192854 0.153064 0.164177 0.15922 0.169415 0.167568 0 0.171318 0.216569 0.181256 0.174968 0.150036 0.163464 0.17531 0.149246 0.17723 0.144196 0.177764 0.170837 0.18556 0.178122 0.155876 0.173951 0.229711 0.151764 0.222442
Tessaracoccus_flavescens_SST-39T 0.375241 0.408026 0.110242 0.163606 0.146937 0.113348 0.174119 0.170997 0.174457 0.141873 0.143582 0.145762 0.185157 0.147478 0.130312 0.191727 0.123353 0.156253 0.151414 0.175655 0.088853 0.171318 0 0.146186 0.170518 0.141086 0.131545 0.140021 0.169103 0.116319 0.157783 0.129185 0.164465 0.159088 0.168025 0.177764 0.123281 0.147153 0.188462 0.111393 0.183764
Natrialbaceae_archaeon_Tc-Br11_E2g8 0.379045 0.387376 0.162063 0.062893 0.178664 0.137118 0.188462 0.208223 0.210886 0.166516 0.181256 0.200586 0.19982 0.187619 0.154515 0.249993 0.148799 0.219266 0.201884 0.223906 0.144714 0.216569 0.146186 0 0.207934 0.166219 0.162619 0.173282 0.218923 0.145551 0.201102 0.170359 0.196361 0.207359 0.204563 0.217567 0.14461 0.173116 0.168177 0.138598 0.213349
Acetobacteraceae_bacterium_bog_937 0.438132 0.421391 0.168793 0.228111 0.189531 0.163464 0.187829 0.169571 0.175655 0.165923 0.166815 0.151298 0.201102 0.157525 0.151998 0.182209 0.151414 0.140794 0.157783 0.161648 0.158042 0.181256 0.170518 0.207934 0 0.166965 0.131379 0.1611 0.160828 0.148799 0.171157 0.118988 0.16248 0.163323 0.174627 0.16248 0.146829 0.174119 0.234327 0.151647 0.19982
Deltaproteobacteria_bacterium_D1FN1.001 0.391969 0.414374 0.153303 0.185157 0.160153 0.138411 0.162063 0.154515 0.163891 0.129185 0.14608 0.155006 0.172456 0.157397 0.141972 0.185763 0.137209 0.143175 0.141774 0.166367 0.141774 0.174968 0.141086 0.166219 0.166965 0 0.128472 0.128867 0.152707 0.137393 0.163323 0.128551 0.163464 0.147697 0.174119 0.171318 0.142271 0.141774 0.205946 0.12769 0.181635
Zavarzinia_compransoris_DSM_1231 0.38308 0.391969 0.135852 0.178483 0.15476 0.122708 0.163464 0.148025 0.151647 0.125855 0.126613 0.124885 0.166665 0.129505 0.118194 0.163891 0.113227 0.124517 0.122424 0.13255 0.122212 0.150036 0.131545 0.162619 0.131379 0.128472 0 0.128393 0.137946 0.10945 0.1464 0.092321 0.135407 0.133573 0.153184 0.133659 0.105131 0.132889 0.201102 0.110815 0.179577
Cyanobium_gracile_PCC_6307 0.396903 0.438132 0.151998 0.190839 0.139543 0.138132 0.149583 0.164321 0.165044 0.033405 0.143175 0.134352 0.183567 0.1611 0.149696 0.170043 0.138974 0.138318 0.12769 0.156631 0.142371 0.163464 0.140021 0.173282 0.1611 0.128867 0.128393 0 0.15513 0.129988 0.166516 0.121025 0.171803 0.134526 0.161511 0.172785 0.143684 0.145026 0.222442 0.117866 0.18741
Pseudomonas_sp._MYb185 0.429237 0.494592 0.163464 0.234763 0.186581 0.165044 0.191504 0.160153 0.170997 0.155502 0.159088 0.145974 0.196602 0.164321 0.16234 0.160153 0.144818 0.129265 0.13255 0.158172 0.160964 0.17531 0.169103 0.218923 0.160828 0.152707 0.137946 0.15513 0 0.153303 0.165189 0.12563 0.164899 0.138974 0.17295 0.1702 0.157912 0.174627 0.238829 0.150606 0.196121
Streptacidiphilus_neutrinimicus_NBRC_100921 0.408026 0.408026 0.12158 0.159088 0.138318 0.110014 0.161374 0.166815 0.169728 0.129425 0.128946 0.124077 0.185157 0.132045 0.128472 0.181826 0.092321 0.134439 0.132045 0.150492 0.111627 0.149246 0.116319 0.145551 0.148799 0.137393 0.10945 0.129988 0.153303 0 0.137761 0.105444 0.133487 0.142872 0.147915 0.146721 0.078925 0.135496 0.189531 0.094103 0.183567
Deinococcus_peraridilitoris_DSM_19664 0.438132 0.414374 0.159353 0.218581 0.178846 0.156379 0.188462 0.177053 0.175828 0.163891 0.165923 0.130231 0.208513 0.163606 0.16234 0.189101 0.142872 0.152588 0.155876 0.167568 0.150606 0.17723 0.157783 0.201102 0.171157 0.163323 0.1464 0.166516 0.165189 0.137761 0 0.132045 0.159885 0.166665 0.168025 0.172292 0.145762 0.174457 0.229307 0.140697 0.207934
Rhodospirillales_bacterium_70-18 0.379045 0.429237 0.128709 0.184956 0.151182 0.122283 0.147478 0.139258 0.14534 0.119726 0.128315 0.10917 0.171157 0.125256 0.113893 0.161374 0.105235 0.108724 0.113408 0.129026 0.115876 0.144196 0.129185 0.170359 0.118988 0.128551 0.092321 0.121025 0.12563 0.105444 0.132045 0 0.13072 0.124443 0.146507 0.134091 0.101519 0.132045 0.211188 0.103849 0.173951
Betaproteobacteria_bacterium_palsa_1005 0.448402 0.494592 0.162759 0.214939 0.203747 0.157141 0.19733 0.170359 0.178302 0.169885 0.168948 0.158432 0.207934 0.155006 0.147587 0.196844 0.134352 0.148245 0.162759 0.170677 0.153303 0.177764 0.164465 0.196361 0.16248 0.163464 0.135407 0.171803 0.164899 0.133487 0.159885 0.13072 0 0.173282 0.171157 0.154637 0.128946 0.169885 0.221723 0.152826 0.206508
Zobellella_taiwanensis_JCM_13381 0.438132 0.46055 0.170043 0.221723 0.166516 0.159752 0.167266 0.161511 0.163323 0.134265 0.142371 0.140117 0.187202 0.164177 0.155626 0.153906 0.14947 0.127457 0.056549 0.152945 0.159618 0.170837 0.159088 0.207359 0.163323 0.147697 0.133573 0.134526 0.138974 0.142872 0.166665 0.124443 0.173282 0 0.169885 0.16772 0.154883 0.156127 0.233893 0.134352 0.195882
Gloeobacter_kilaueensis_JS1 0.46055 0.75 0.173448 0.225404 0.191727 0.169885 0.19331 0.19354 0.19733 0.160828 0.174288 0.159485 0.209098 0.174797 0.171966 0.196844 0.149134 0.160019 0.161237 0.175482 0.161786 0.18556 0.168025 0.204563 0.174627 0.174119 0.153184 0.161511 0.17295 0.147915 0.168025 0.146507 0.171157 0.169885 0 0.174797 0.152351 0.187829 0.223537 0.162201 0.207934
Tritonibacter_horizontis_O3.65 0.429237 0.494592 0.17295 0.242178 0.199566 0.172456 0.19354 0.173282 0.181635 0.170359 0.168025 0.155377 0.206508 0.162759 0.157525 0.186787 0.1443 0.155626 0.161237 0.153664 0.170837 0.178122 0.177764 0.217567 0.16248 0.171318 0.133659 0.172785 0.1702 0.146721 0.172292 0.134091 0.154637 0.16772 0.174797 0 0.143175 0.178302 0.247816 0.161924 0.203478
Acuticoccus_sp._PTG4-2 0.396903 0.414374 0.128315 0.160153 0.163891 0.117605 0.170518 0.163181 0.168638 0.141873 0.135852 0.134965 0.184956 0.133487 0.123932 0.19106 0.099146 0.137761 0.1406 0.155626 0.116894 0.155876 0.123281 0.14461 0.146829 0.142271 0.105131 0.143684 0.157912 0.078925 0.145762 0.101519 0.128946 0.154883 0.152351 0.143175 0 0.142072 0.194935 0.111685 0.181067
Desulfovibrio_sp._UBA12339 0.396903 0.402232 0.162201 0.185763 0.155377 0.137761 0.171157 0.165335 0.164321 0.139733 0.126233 0.147153 0.183371 0.161924 0.151067 0.198563 0.147261 0.153064 0.151881 0.176525 0.148577 0.173951 0.147153 0.173116 0.174119 0.141774 0.132889 0.145026 0.174627 0.135496 0.174457 0.132045 0.169885 0.156127 0.187829 0.178302 0.142072 0 0.210584 0.130966 0.172292
Halovenus_sp._B1Sed10_238R1 0.438132 0.46055 0.18825 0.183371 0.206226 0.178846 0.243167 0.218581 0.219266 0.210886 0.21624 0.22317 0.237903 0.213036 0.198314 0.243667 0.182401 0.225783 0.221366 0.244172 0.179577 0.229711 0.188462 0.168177 0.234327 0.205946 0.201102 0.222442 0.238829 0.189531 0.229307 0.211188 0.221723 0.233893 0.223537 0.247816 0.194935 0.210584 0 0.189101 0.240243
Kocuria_turfanensis_HO-9042 0.356102 0.391969 0.122851 0.156127 0.120474 0.104769 0.152351 0.164609 0.169259 0.113711 0.116574 0.123209 0.181445 0.137853 0.127612 0.176001 0.106925 0.135763 0.124223 0.151881 0.109281 0.151764 0.111393 0.138598 0.151647 0.12769 0.110815 0.117866 0.150606 0.094103 0.140697 0.103849 0.152826 0.134352 0.162201 0.161924 0.111685 0.130966 0.189101 0 0.178122
uncultured_Clostridiales_bacterium_RUG674 0.448402 0.46055 0.19517 0.230938 0.195882 0.18556 0.18556 0.195406 0.19982 0.180692 0.178664 0.186994 0.204018 0.187202 0.177943 0.220658 0.182787 0.182787 0.186171 0.196361 0.185157 0.222442 0.183764 0.213349 0.19982 0.181635 0.179577 0.18741 0.196121 0.183567 0.207934 0.173951 0.206508 0.195882 0.207934 0.203478 0.181067 0.172292 0.240243 0.178122 0
