13
x01 0 0.049035 0.049035 0.049035 0.049544 0.049544 0.049035 0.055978 0.056875 0.049035 0.056875 0.049035 0.088364
x02 0.049035 0 0.033421 0.03692 0.049544 0.049544 0.032527 0.055978 0.056875 0.033421 0.056875 0.045918 0.088364
x03 0.049035 0.033421 0 0.03692 0.049544 0.049544 0.033421 0.055978 0.056875 0.030801 0.056875 0.045918 0.088364
x04 0.049035 0.03692 0.03692 0 0.049544 0.049544 0.03692 0.055978 0.056875 0.03692 0.056875 0.045918 0.088364
x05 0.049544 0.049544 0.049544 0.049544 0 0.045957 0.049544 0.055978 0.056875 0.049544 0.056875 0.049544 0.088364
x06 0.049544 0.049544 0.049544 0.049544 0.045957 0 0.049544 0.055978 0.056875 0.049544 0.056875 0.049544 0.088364
x07 0.049035 0.032527 0.033421 0.03692 0.049544 0.049544 0 0.055978 0.056875 0.033421 0.056875 0.045918 0.088364
x08 0.055978 0.055978 0.055978 0.055978 0.055978 0.055978 0.055978 0 0.056875 0.055978 0.056875 0.055978 0.088364
x09 0.056875 0.056875 0.056875 0.056875 0.056875 0.056875 0.056875 0.056875 0 0.056875 0.023779 0.056875 0.088364
x10 0.049035 0.033421 0.030801 0.03692 0.049544 0.049544 0.033421 0.055978 0.056875 0 0.056875 0.045918 0.088364
x11 0.056875 0.056875 0.056875 0.056875 0.056875 0.056875 0.056875 0.056875 0.023779 0.056875 0 0.056875 0.088364
x12 0.049035 0.045918 0.045918 0.045918 0.049544 0.049544 0.045918 0.055978 0.056875 0.045918 0.056875 0 0.088364
x13 0.088364 0.088364 0.088364 0.088364 0.088364 0.088364 0.088364 0.088364 0.088364 0.088364 0.088364 0.088364 0
