54
D82069.PE1         0 0.365297 0.034014 0.360544 0.086168 0.362812 0.052154 0.086168 0.362812 0.14966 0.086168 0.086168 0.156463 0.165533 0.358447 0.086168 0.086168 0.37415 0.365079 0.362812 0.369305 0.371882 0.371882 0.369305 0.154195 0.154195 0.154195 0.371882 0.362812 0.371882 0.154195 0.154195 0.088435 0.362812 0.390023 0.378685 0.378685 0.165533 0.358277 0.154195 0.37415 0.031746 0.37415 0.37415 0.086168 0.088435 0.086168 0.154195 0.154195 0.034014 0.154195 0.205128 0.086168 0.154195
AB019540.AIF-1     0.365297 0 0.363014 0.390023 0.356164 0.371882 0.360731 0.356164 0.371882 0.349315 0.356164 0.356164 0.351598 0.351598 0.15991 0.356164 0.356164 0.378685 0.37415 0.371882 0.378897 0.376417 0.376417 0.378897 0.349315 0.349315 0.349315 0.376417 0.371882 0.376417 0.349315 0.349315 0.353881 0.371882 0.421769 0.414966 0.414966 0.351598 0.369615 0.349315 0.394558 0.363014 0.394558 0.37415 0.360731 0.358447 0.356164 0.349315 0.349315 0.363014 0.349315 0.36385 0.356164 0.349315
AB000818.PE1       0.034014 0.363014 0 0.342342 0.051802 0.344595 0.079365 0.051802 0.344595 0.121622 0.051802 0.051802 0.128378 0.144144 0.353881 0.051802 0.051802 0.36036 0.346847 0.344595 0.354762 0.358108 0.358108 0.354762 0.126126 0.126126 0.126126 0.358108 0.344595 0.358108 0.126126 0.126126 0.054054 0.344595 0.378378 0.367117 0.367117 0.144144 0.344595 0.126126 0.355856 0.002252 0.355856 0.36036 0.051802 0.054054 0.051802 0.126126 0.126126 0 0.126126 0.175926 0.051802 0.126126
AB012309.PE1       0.360544 0.390023 0.342342 0 0.344595 0.257271 0.358277 0.344595 0.257271 0.337838 0.344595 0.344595 0.346847 0.344595 0.37415 0.344595 0.344595 0.279642 0.259508 0.257271 0.27896 0.277405 0.277405 0.27896 0.344595 0.344595 0.344595 0.277405 0.257271 0.277405 0.344595 0.344595 0.342342 0.257271 0.328859 0.322148 0.322148 0.344595 0.268456 0.344595 0.089485 0.344595 0.089485 0.281879 0.344595 0.342342 0.344595 0.344595 0.344595 0.342342 0.344595 0.351852 0.344595 0.344595
AB013745.AIF-1     0.086168 0.356164 0.051802 0.344595 0 0.326577 0.036281 0 0.326577 0.112613 0 0 0.112613 0.13964 0.349315 0 0 0.353604 0.328829 0.326577 0.347619 0.351351 0.351351 0.347619 0.11036 0.11036 0.11036 0.351351 0.326577 0.351351 0.11036 0.11036 0.002252 0.326577 0.369369 0.364865 0.364865 0.13964 0.328829 0.11036 0.353604 0.054054 0.353604 0.353604 0.004505 0.006757 0 0.11036 0.11036 0.051802 0.11036 0.159722 0 0.11036
AB035322           0.362812 0.371882 0.344595 0.257271 0.326577 0 0.337868 0.326577 -0 0.326577 0.326577 0.326577 0.328829 0.335586 0.369615 0.326577 0.326577 0.081678 0.002208 -0 0.081585 0.07947 0.07947 0.081585 0.326577 0.326577 0.326577 0.07947 -0 0.07947 0.326577 0.326577 0.324324 -0 0.342282 0.337808 0.337808 0.335586 0.083885 0.326577 0.259508 0.346847 0.259508 0.07947 0.331081 0.328829 0.326577 0.326577 0.326577 0.344595 0.326577 0.344907 0.326577 0.326577
AB036423.IBA1      0.052154 0.360731 0.079365 0.358277 0.036281 0.337868 0 0.036281 0.337868 0.142857 0.036281 0.036281 0.142857 0.163265 0.349315 0.036281 0.036281 0.360544 0.340136 0.337868 0.354916 0.358277 0.358277 0.354916 0.14059 0.14059 0.14059 0.358277 0.337868 0.358277 0.14059 0.14059 0.038549 0.337868 0.376417 0.371882 0.371882 0.163265 0.335601 0.14059 0.369615 0.081633 0.369615 0.360544 0.040816 0.043084 0.036281 0.14059 0.14059 0.079365 0.14059 0.191142 0.036281 0.14059
AB036423.PE2       0.086168 0.356164 0.051802 0.344595 0 0.326577 0.036281 0 0.326577 0.112613 0 0 0.112613 0.13964 0.349315 0 0 0.353604 0.328829 0.326577 0.347619 0.351351 0.351351 0.347619 0.11036 0.11036 0.11036 0.351351 0.326577 0.351351 0.11036 0.11036 0.002252 0.326577 0.369369 0.364865 0.364865 0.13964 0.328829 0.11036 0.353604 0.054054 0.353604 0.353604 0.004505 0.006757 0 0.11036 0.11036 0.051802 0.11036 0.159722 0 0.11036
AB094629.IBA2      0.362812 0.371882 0.344595 0.257271 0.326577 -0 0.337868 0.326577 0 0.326577 0.326577 0.326577 0.328829 0.335586 0.369615 0.326577 0.326577 0.081678 0.002208 -0 0.081585 0.07947 0.07947 0.081585 0.326577 0.326577 0.326577 0.07947 -0 0.07947 0.326577 0.326577 0.324324 -0 0.342282 0.337808 0.337808 0.335586 0.083885 0.326577 0.259508 0.346847 0.259508 0.07947 0.331081 0.328829 0.326577 0.326577 0.326577 0.344595 0.326577 0.344907 0.326577 0.326577
AB128049.AIF1      0.14966 0.349315 0.121622 0.337838 0.112613 0.326577 0.142857 0.112613 0.326577 0 0.112613 0.112613 0.022523 0.112613 0.335616 0.112613 0.112613 0.337838 0.328829 0.326577 0.335714 0.335586 0.335586 0.335714 0.02027 0.02027 0.02027 0.335586 0.326577 0.335586 0.02027 0.02027 0.11036 0.326577 0.364865 0.362613 0.362613 0.112613 0.337838 0.02027 0.355856 0.123874 0.355856 0.34009 0.117117 0.114865 0.112613 0.02027 0.02027 0.121622 0.02027 0.083333 0.112613 0.02027
AF074959.PE1       0.086168 0.356164 0.051802 0.344595 0 0.326577 0.036281 0 0.326577 0.112613 0 0 0.112613 0.13964 0.349315 0 0 0.353604 0.328829 0.326577 0.347619 0.351351 0.351351 0.347619 0.11036 0.11036 0.11036 0.351351 0.326577 0.351351 0.11036 0.11036 0.002252 0.326577 0.369369 0.364865 0.364865 0.13964 0.328829 0.11036 0.353604 0.054054 0.353604 0.353604 0.004505 0.006757 0 0.11036 0.11036 0.051802 0.11036 0.159722 0 0.11036
AF109719.PE7       0.086168 0.356164 0.051802 0.344595 0 0.326577 0.036281 0 0.326577 0.112613 0 0 0.112613 0.13964 0.349315 0 0 0.353604 0.328829 0.326577 0.347619 0.351351 0.351351 0.347619 0.11036 0.11036 0.11036 0.351351 0.326577 0.351351 0.11036 0.11036 0.002252 0.326577 0.369369 0.364865 0.364865 0.13964 0.328829 0.11036 0.353604 0.054054 0.353604 0.353604 0.004505 0.006757 0 0.11036 0.11036 0.051802 0.11036 0.159722 0 0.11036
AF129756.PE18      0.156463 0.351598 0.128378 0.346847 0.112613 0.328829 0.142857 0.112613 0.328829 0.022523 0.112613 0.112613 0 0.117117 0.3379 0.112613 0.112613 0.346847 0.331081 0.328829 0.345238 0.344595 0.344595 0.345238 0.002252 0.002252 0.002252 0.344595 0.328829 0.344595 0.002252 0.002252 0.11036 0.328829 0.364865 0.362613 0.362613 0.117117 0.335586 0.002252 0.358108 0.130631 0.358108 0.349099 0.117117 0.114865 0.112613 0.002252 0.002252 0.128378 0.002252 0.069444 0.112613 0.002252
AF348450.PE1       0.165533 0.351598 0.144144 0.344595 0.13964 0.335586 0.163265 0.13964 0.335586 0.112613 0.13964 0.13964 0.117117 0 0.349315 0.13964 0.13964 0.36036 0.337838 0.335586 0.359524 0.358108 0.358108 0.359524 0.114865 0.114865 0.114865 0.358108 0.335586 0.358108 0.114865 0.114865 0.137387 0.335586 0.380631 0.373874 0.373874 -0 0.337838 0.114865 0.349099 0.146396 0.349099 0.367117 0.144144 0.141892 0.13964 0.114865 0.114865 0.144144 0.114865 0.180556 0.13964 0.114865
AJ506968.AIF1      0.358447 0.15991 0.353881 0.37415 0.349315 0.369615 0.349315 0.349315 0.369615 0.335616 0.349315 0.349315 0.3379 0.349315 0 0.349315 0.349315 0.362812 0.371882 0.369615 0.36211 0.360544 0.360544 0.36211 0.335616 0.335616 0.335616 0.360544 0.369615 0.360544 0.335616 0.335616 0.347032 0.369615 0.414966 0.417234 0.417234 0.349315 0.371882 0.335616 0.394558 0.353881 0.394558 0.358277 0.353881 0.351598 0.349315 0.335616 0.335616 0.353881 0.335616 0.347418 0.349315 0.335616
AK006184.PE1       0.086168 0.356164 0.051802 0.344595 0 0.326577 0.036281 0 0.326577 0.112613 0 0 0.112613 0.13964 0.349315 0 0 0.353604 0.328829 0.326577 0.347619 0.351351 0.351351 0.347619 0.11036 0.11036 0.11036 0.351351 0.326577 0.351351 0.11036 0.11036 0.002252 0.326577 0.369369 0.364865 0.364865 0.13964 0.328829 0.11036 0.353604 0.054054 0.353604 0.353604 0.004505 0.006757 0 0.11036 0.11036 0.051802 0.11036 0.159722 0 0.11036
AK006562.PE1       0.086168 0.356164 0.051802 0.344595 0 0.326577 0.036281 0 0.326577 0.112613 0 0 0.112613 0.13964 0.349315 0 0 0.353604 0.328829 0.326577 0.347619 0.351351 0.351351 0.347619 0.11036 0.11036 0.11036 0.351351 0.326577 0.351351 0.11036 0.11036 0.002252 0.326577 0.369369 0.364865 0.364865 0.13964 0.328829 0.11036 0.353604 0.054054 0.353604 0.353604 0.004505 0.006757 0 0.11036 0.11036 0.051802 0.11036 0.159722 0 0.11036
AK022845.PE1       0.37415 0.378685 0.36036 0.279642 0.353604 0.081678 0.360544 0.353604 0.081678 0.337838 0.353604 0.353604 0.346847 0.36036 0.362812 0.353604 0.353604 0 0.083885 0.081678 0.002331 0.002208 0.002208 0.002331 0.344595 0.344595 0.344595 0.002208 0.081678 0.002208 0.344595 0.344595 0.355856 0.081678 0.346756 0.342282 0.342282 0.36036 0.07947 0.344595 0.293065 0.362613 0.293065 0.015453 0.358108 0.36036 0.353604 0.344595 0.344595 0.36036 0.344595 0.365741 0.353604 0.344595
AK028955.PE1       0.365079 0.37415 0.346847 0.259508 0.328829 0.002208 0.340136 0.328829 0.002208 0.328829 0.328829 0.328829 0.331081 0.337838 0.371882 0.328829 0.328829 0.083885 0 0.002208 0.083916 0.081678 0.081678 0.083916 0.328829 0.328829 0.328829 0.081678 0.002208 0.081678 0.328829 0.328829 0.326577 0.002208 0.344519 0.340045 0.340045 0.337838 0.086093 0.328829 0.261745 0.349099 0.261745 0.081678 0.333333 0.331081 0.328829 0.328829 0.328829 0.346847 0.328829 0.347222 0.328829 0.328829
AK045539.PE1       0.362812 0.371882 0.344595 0.257271 0.326577 -0 0.337868 0.326577 -0 0.326577 0.326577 0.326577 0.328829 0.335586 0.369615 0.326577 0.326577 0.081678 0.002208 0 0.081585 0.07947 0.07947 0.081585 0.326577 0.326577 0.326577 0.07947 -0 0.07947 0.326577 0.326577 0.324324 -0 0.342282 0.337808 0.337808 0.335586 0.083885 0.326577 0.259508 0.346847 0.259508 0.07947 0.331081 0.328829 0.326577 0.326577 0.326577 0.344595 0.326577 0.344907 0.326577 0.326577
AK091912.PE1       0.369305 0.378897 0.354762 0.27896 0.347619 0.081585 0.354916 0.347619 0.081585 0.335714 0.347619 0.347619 0.345238 0.359524 0.36211 0.347619 0.347619 0.002331 0.083916 0.081585 0 0 0 0 0.342857 0.342857 0.342857 0 0.081585 0 0.342857 0.342857 0.35 0.081585 0.347518 0.34279 0.34279 0.359524 0.076923 0.342857 0.295508 0.357143 0.295508 0.013986 0.352381 0.354762 0.347619 0.342857 0.342857 0.354762 0.342857 0.365196 0.347619 0.342857
AL136566.PE1       0.371882 0.376417 0.358108 0.277405 0.351351 0.07947 0.358277 0.351351 0.07947 0.335586 0.351351 0.351351 0.344595 0.358108 0.360544 0.351351 0.351351 0.002208 0.081678 0.07947 0 0 -0 0 0.342342 0.342342 0.342342 -0 0.07947 -0 0.342342 0.342342 0.353604 0.07947 0.344519 0.340045 0.340045 0.358108 0.077263 0.342342 0.290828 0.36036 0.290828 0.013245 0.355856 0.358108 0.351351 0.342342 0.342342 0.358108 0.342342 0.363426 0.351351 0.342342
AL157938.PE2       0.371882 0.376417 0.358108 0.277405 0.351351 0.07947 0.358277 0.351351 0.07947 0.335586 0.351351 0.351351 0.344595 0.358108 0.360544 0.351351 0.351351 0.002208 0.081678 0.07947 0 -0 0 0 0.342342 0.342342 0.342342 -0 0.07947 -0 0.342342 0.342342 0.353604 0.07947 0.344519 0.340045 0.340045 0.358108 0.077263 0.342342 0.290828 0.36036 0.290828 0.013245 0.355856 0.358108 0.351351 0.342342 0.342342 0.358108 0.342342 0.363426 0.351351 0.342342
AL157938.PE3       0.369305 0.378897 0.354762 0.27896 0.347619 0.081585 0.354916 0.347619 0.081585 0.335714 0.347619 0.347619 0.345238 0.359524 0.36211 0.347619 0.347619 0.002331 0.083916 0.081585 0 0 0 0 0.342857 0.342857 0.342857 0 0.081585 0 0.342857 0.342857 0.35 0.081585 0.347518 0.34279 0.34279 0.359524 0.076923 0.342857 0.295508 0.357143 0.295508 0.013986 0.352381 0.354762 0.347619 0.342857 0.342857 0.354762 0.342857 0.365196 0.347619 0.342857
AL662801.PE45      0.154195 0.349315 0.126126 0.344595 0.11036 0.326577 0.14059 0.11036 0.326577 0.02027 0.11036 0.11036 0.002252 0.114865 0.335616 0.11036 0.11036 0.344595 0.328829 0.326577 0.342857 0.342342 0.342342 0.342857 0 0 0 0.342342 0.326577 0.342342 0 0 0.108108 0.326577 0.362613 0.36036 0.36036 0.114865 0.333333 0 0.355856 0.128378 0.355856 0.346847 0.114865 0.112613 0.11036 0 0 0.126126 0 0.06713 0.11036 0
AL662847.AIF1      0.154195 0.349315 0.126126 0.344595 0.11036 0.326577 0.14059 0.11036 0.326577 0.02027 0.11036 0.11036 0.002252 0.114865 0.335616 0.11036 0.11036 0.344595 0.328829 0.326577 0.342857 0.342342 0.342342 0.342857 0 0 0 0.342342 0.326577 0.342342 0 0 0.108108 0.326577 0.362613 0.36036 0.36036 0.114865 0.333333 0 0.355856 0.128378 0.355856 0.346847 0.114865 0.112613 0.11036 0 0 0.126126 0 0.06713 0.11036 0
AL805934.AIF1      0.154195 0.349315 0.126126 0.344595 0.11036 0.326577 0.14059 0.11036 0.326577 0.02027 0.11036 0.11036 0.002252 0.114865 0.335616 0.11036 0.11036 0.344595 0.328829 0.326577 0.342857 0.342342 0.342342 0.342857 0 0 0 0.342342 0.326577 0.342342 0 0 0.108108 0.326577 0.362613 0.36036 0.36036 0.114865 0.333333 0 0.355856 0.128378 0.355856 0.346847 0.114865 0.112613 0.11036 0 0 0.126126 0 0.06713 0.11036 0
AL833896.PE1       0.371882 0.376417 0.358108 0.277405 0.351351 0.07947 0.358277 0.351351 0.07947 0.335586 0.351351 0.351351 0.344595 0.358108 0.360544 0.351351 0.351351 0.002208 0.081678 0.07947 0 -0 -0 0 0.342342 0.342342 0.342342 0 0.07947 -0 0.342342 0.342342 0.353604 0.07947 0.344519 0.340045 0.340045 0.358108 0.077263 0.342342 0.290828 0.36036 0.290828 0.013245 0.355856 0.358108 0.351351 0.342342 0.342342 0.358108 0.342342 0.363426 0.351351 0.342342
AL928893.PE3       0.362812 0.371882 0.344595 0.257271 0.326577 -0 0.337868 0.326577 -0 0.326577 0.326577 0.326577 0.328829 0.335586 0.369615 0.326577 0.326577 0.081678 0.002208 -0 0.081585 0.07947 0.07947 0.081585 0.326577 0.326577 0.326577 0.07947 0 0.07947 0.326577 0.326577 0.324324 -0 0.342282 0.337808 0.337808 0.335586 0.083885 0.326577 0.259508 0.346847 0.259508 0.07947 0.331081 0.328829 0.326577 0.326577 0.326577 0.344595 0.326577 0.344907 0.326577 0.326577
AY359067.PE1       0.371882 0.376417 0.358108 0.277405 0.351351 0.07947 0.358277 0.351351 0.07947 0.335586 0.351351 0.351351 0.344595 0.358108 0.360544 0.351351 0.351351 0.002208 0.081678 0.07947 0 -0 -0 0 0.342342 0.342342 0.342342 -0 0.07947 0 0.342342 0.342342 0.353604 0.07947 0.344519 0.340045 0.340045 0.358108 0.077263 0.342342 0.290828 0.36036 0.290828 0.013245 0.355856 0.358108 0.351351 0.342342 0.342342 0.358108 0.342342 0.363426 0.351351 0.342342
BA000025.AIF1      0.154195 0.349315 0.126126 0.344595 0.11036 0.326577 0.14059 0.11036 0.326577 0.02027 0.11036 0.11036 0.002252 0.114865 0.335616 0.11036 0.11036 0.344595 0.328829 0.326577 0.342857 0.342342 0.342342 0.342857 0 0 0 0.342342 0.326577 0.342342 0 0 0.108108 0.326577 0.362613 0.36036 0.36036 0.114865 0.333333 0 0.355856 0.128378 0.355856 0.346847 0.114865 0.112613 0.11036 0 0 0.126126 0 0.06713 0.11036 0
BC009474.AIF1      0.154195 0.349315 0.126126 0.344595 0.11036 0.326577 0.14059 0.11036 0.326577 0.02027 0.11036 0.11036 0.002252 0.114865 0.335616 0.11036 0.11036 0.344595 0.328829 0.326577 0.342857 0.342342 0.342342 0.342857 0 0 0 0.342342 0.326577 0.342342 0 0 0.108108 0.326577 0.362613 0.36036 0.36036 0.114865 0.333333 0 0.355856 0.128378 0.355856 0.346847 0.114865 0.112613 0.11036 0 0 0.126126 0 0.06713 0.11036 0
BC021539.PE1       0.088435 0.353881 0.054054 0.342342 0.002252 0.324324 0.038549 0.002252 0.324324 0.11036 0.002252 0.002252 0.11036 0.137387 0.347032 0.002252 0.002252 0.355856 0.326577 0.324324 0.35 0.353604 0.353604 0.35 0.108108 0.108108 0.108108 0.353604 0.324324 0.353604 0.108108 0.108108 0 0.324324 0.371622 0.367117 0.367117 0.137387 0.331081 0.108108 0.351351 0.056306 0.351351 0.355856 0.006757 0.004505 0.002252 0.108108 0.108108 0.054054 0.108108 0.157407 0.002252 0.108108
BC024599.PE1       0.362812 0.371882 0.344595 0.257271 0.326577 -0 0.337868 0.326577 -0 0.326577 0.326577 0.326577 0.328829 0.335586 0.369615 0.326577 0.326577 0.081678 0.002208 -0 0.081585 0.07947 0.07947 0.081585 0.326577 0.326577 0.326577 0.07947 -0 0.07947 0.326577 0.326577 0.324324 0 0.342282 0.337808 0.337808 0.335586 0.083885 0.326577 0.259508 0.346847 0.259508 0.07947 0.331081 0.328829 0.326577 0.326577 0.326577 0.344595 0.326577 0.344907 0.326577 0.326577
BC073304.MGC8069   0.390023 0.421769 0.378378 0.328859 0.369369 0.342282 0.376417 0.369369 0.342282 0.364865 0.369369 0.369369 0.364865 0.380631 0.414966 0.369369 0.369369 0.346756 0.344519 0.342282 0.347518 0.344519 0.344519 0.347518 0.362613 0.362613 0.362613 0.344519 0.342282 0.344519 0.362613 0.362613 0.371622 0.342282 0 0.051454 0.051454 0.380631 0.333333 0.362613 0.317673 0.380631 0.317673 0.353468 0.373874 0.376126 0.369369 0.362613 0.362613 0.378378 0.362613 0.381944 0.369369 0.362613
BC074259.MGC8401   0.378685 0.414966 0.367117 0.322148 0.364865 0.337808 0.371882 0.364865 0.337808 0.362613 0.364865 0.364865 0.362613 0.373874 0.417234 0.364865 0.364865 0.342282 0.340045 0.337808 0.34279 0.340045 0.340045 0.34279 0.36036 0.36036 0.36036 0.340045 0.337808 0.340045 0.36036 0.36036 0.367117 0.337808 0.051454 0 0 0.373874 0.326622 0.36036 0.304251 0.369369 0.304251 0.348993 0.369369 0.371622 0.364865 0.36036 0.36036 0.367117 0.36036 0.381944 0.364865 0.36036
BC084814.MGC8401   0.378685 0.414966 0.367117 0.322148 0.364865 0.337808 0.371882 0.364865 0.337808 0.362613 0.364865 0.364865 0.362613 0.373874 0.417234 0.364865 0.364865 0.342282 0.340045 0.337808 0.34279 0.340045 0.340045 0.34279 0.36036 0.36036 0.36036 0.340045 0.337808 0.340045 0.36036 0.36036 0.367117 0.337808 0.051454 0 0 0.373874 0.326622 0.36036 0.304251 0.369369 0.304251 0.348993 0.369369 0.371622 0.364865 0.36036 0.36036 0.367117 0.36036 0.381944 0.364865 0.36036
BC102890.AIF1      0.165533 0.351598 0.144144 0.344595 0.13964 0.335586 0.163265 0.13964 0.335586 0.112613 0.13964 0.13964 0.117117 -0 0.349315 0.13964 0.13964 0.36036 0.337838 0.335586 0.359524 0.358108 0.358108 0.359524 0.114865 0.114865 0.114865 0.358108 0.335586 0.358108 0.114865 0.114865 0.137387 0.335586 0.380631 0.373874 0.373874 0 0.337838 0.114865 0.349099 0.146396 0.349099 0.367117 0.144144 0.141892 0.13964 0.114865 0.114865 0.144144 0.114865 0.180556 0.13964 0.114865
BC126840.C9ORF58   0.358277 0.369615 0.344595 0.268456 0.328829 0.083885 0.335601 0.328829 0.083885 0.337838 0.328829 0.328829 0.335586 0.337838 0.371882 0.328829 0.328829 0.07947 0.086093 0.083885 0.076923 0.077263 0.077263 0.076923 0.333333 0.333333 0.333333 0.077263 0.083885 0.077263 0.333333 0.333333 0.331081 0.083885 0.333333 0.326622 0.326622 0.337838 0 0.333333 0.279642 0.346847 0.279642 0.077263 0.333333 0.335586 0.328829 0.333333 0.333333 0.344595 0.333333 0.347222 0.328829 0.333333
BX248305.PE3       0.154195 0.349315 0.126126 0.344595 0.11036 0.326577 0.14059 0.11036 0.326577 0.02027 0.11036 0.11036 0.002252 0.114865 0.335616 0.11036 0.11036 0.344595 0.328829 0.326577 0.342857 0.342342 0.342342 0.342857 0 0 0 0.342342 0.326577 0.342342 0 0 0.108108 0.326577 0.362613 0.36036 0.36036 0.114865 0.333333 0 0.355856 0.128378 0.355856 0.346847 0.114865 0.112613 0.11036 0 0 0.126126 0 0.06713 0.11036 0
BX571730.PE3       0.37415 0.394558 0.355856 0.089485 0.353604 0.259508 0.369615 0.353604 0.259508 0.355856 0.353604 0.353604 0.358108 0.349099 0.394558 0.353604 0.353604 0.293065 0.261745 0.259508 0.295508 0.290828 0.290828 0.295508 0.355856 0.355856 0.355856 0.290828 0.259508 0.290828 0.355856 0.355856 0.351351 0.259508 0.317673 0.304251 0.304251 0.349099 0.279642 0.355856 0 0.358108 -0 0.295302 0.349099 0.346847 0.353604 0.355856 0.355856 0.355856 0.355856 0.358796 0.353604 0.355856
BX883046.AIF1      0.031746 0.363014 0.002252 0.344595 0.054054 0.346847 0.081633 0.054054 0.346847 0.123874 0.054054 0.054054 0.130631 0.146396 0.353881 0.054054 0.054054 0.362613 0.349099 0.346847 0.357143 0.36036 0.36036 0.357143 0.128378 0.128378 0.128378 0.36036 0.346847 0.36036 0.128378 0.128378 0.056306 0.346847 0.380631 0.369369 0.369369 0.146396 0.346847 0.128378 0.358108 0 0.358108 0.362613 0.054054 0.056306 0.054054 0.128378 0.128378 0.002252 0.128378 0.178241 0.054054 0.128378
CR762385.PE3       0.37415 0.394558 0.355856 0.089485 0.353604 0.259508 0.369615 0.353604 0.259508 0.355856 0.353604 0.353604 0.358108 0.349099 0.394558 0.353604 0.353604 0.293065 0.261745 0.259508 0.295508 0.290828 0.290828 0.295508 0.355856 0.355856 0.355856 0.290828 0.259508 0.290828 0.355856 0.355856 0.351351 0.259508 0.317673 0.304251 0.304251 0.349099 0.279642 0.355856 -0 0.358108 0 0.295302 0.349099 0.346847 0.353604 0.355856 0.355856 0.355856 0.355856 0.358796 0.353604 0.355856
CR857925.PE1       0.37415 0.37415 0.36036 0.281879 0.353604 0.07947 0.360544 0.353604 0.07947 0.34009 0.353604 0.353604 0.349099 0.367117 0.358277 0.353604 0.353604 0.015453 0.081678 0.07947 0.013986 0.013245 0.013245 0.013986 0.346847 0.346847 0.346847 0.013245 0.07947 0.013245 0.346847 0.346847 0.355856 0.07947 0.353468 0.348993 0.348993 0.367117 0.077263 0.346847 0.295302 0.362613 0.295302 0 0.358108 0.36036 0.353604 0.346847 0.346847 0.36036 0.346847 0.368056 0.353604 0.346847
CT010265           0.086168 0.360731 0.051802 0.344595 0.004505 0.331081 0.040816 0.004505 0.331081 0.117117 0.004505 0.004505 0.117117 0.144144 0.353881 0.004505 0.004505 0.358108 0.333333 0.331081 0.352381 0.355856 0.355856 0.352381 0.114865 0.114865 0.114865 0.355856 0.331081 0.355856 0.114865 0.114865 0.006757 0.331081 0.373874 0.369369 0.369369 0.144144 0.333333 0.114865 0.349099 0.054054 0.349099 0.358108 0 0.002252 0.004505 0.114865 0.114865 0.051802 0.114865 0.159722 0.004505 0.114865
CT010385           0.088435 0.358447 0.054054 0.342342 0.006757 0.328829 0.043084 0.006757 0.328829 0.114865 0.006757 0.006757 0.114865 0.141892 0.351598 0.006757 0.006757 0.36036 0.331081 0.328829 0.354762 0.358108 0.358108 0.354762 0.112613 0.112613 0.112613 0.358108 0.328829 0.358108 0.112613 0.112613 0.004505 0.328829 0.376126 0.371622 0.371622 0.141892 0.335586 0.112613 0.346847 0.056306 0.346847 0.36036 0.002252 0 0.006757 0.112613 0.112613 0.054054 0.112613 0.157407 0.006757 0.112613
D86382.IBA1        0.086168 0.356164 0.051802 0.344595 0 0.326577 0.036281 0 0.326577 0.112613 0 0 0.112613 0.13964 0.349315 0 0 0.353604 0.328829 0.326577 0.347619 0.351351 0.351351 0.347619 0.11036 0.11036 0.11036 0.351351 0.326577 0.351351 0.11036 0.11036 0.002252 0.326577 0.369369 0.364865 0.364865 0.13964 0.328829 0.11036 0.353604 0.054054 0.353604 0.353604 0.004505 0.006757 0 0.11036 0.11036 0.051802 0.11036 0.159722 0 0.11036
D86438.IBA1        0.154195 0.349315 0.126126 0.344595 0.11036 0.326577 0.14059 0.11036 0.326577 0.02027 0.11036 0.11036 0.002252 0.114865 0.335616 0.11036 0.11036 0.344595 0.328829 0.326577 0.342857 0.342342 0.342342 0.342857 0 0 0 0.342342 0.326577 0.342342 0 0 0.108108 0.326577 0.362613 0.36036 0.36036 0.114865 0.333333 0 0.355856 0.128378 0.355856 0.346847 0.114865 0.112613 0.11036 0 0 0.126126 0 0.06713 0.11036 0
EF070983.PE1       0.154195 0.349315 0.126126 0.344595 0.11036 0.326577 0.14059 0.11036 0.326577 0.02027 0.11036 0.11036 0.002252 0.114865 0.335616 0.11036 0.11036 0.344595 0.328829 0.326577 0.342857 0.342342 0.342342 0.342857 0 0 0 0.342342 0.326577 0.342342 0 0 0.108108 0.326577 0.362613 0.36036 0.36036 0.114865 0.333333 0 0.355856 0.128378 0.355856 0.346847 0.114865 0.112613 0.11036 0 0 0.126126 0 0.06713 0.11036 0
U17919.PE1         0.034014 0.363014 0 0.342342 0.051802 0.344595 0.079365 0.051802 0.344595 0.121622 0.051802 0.051802 0.128378 0.144144 0.353881 0.051802 0.051802 0.36036 0.346847 0.344595 0.354762 0.358108 0.358108 0.354762 0.126126 0.126126 0.126126 0.358108 0.344595 0.358108 0.126126 0.126126 0.054054 0.344595 0.378378 0.367117 0.367117 0.144144 0.344595 0.126126 0.355856 0.002252 0.355856 0.36036 0.051802 0.054054 0.051802 0.126126 0.126126 0 0.126126 0.175926 0.051802 0.126126
U19713.PE1         0.154195 0.349315 0.126126 0.344595 0.11036 0.326577 0.14059 0.11036 0.326577 0.02027 0.11036 0.11036 0.002252 0.114865 0.335616 0.11036 0.11036 0.344595 0.328829 0.326577 0.342857 0.342342 0.342342 0.342857 0 0 0 0.342342 0.326577 0.342342 0 0 0.108108 0.326577 0.362613 0.36036 0.36036 0.114865 0.333333 0 0.355856 0.128378 0.355856 0.346847 0.114865 0.112613 0.11036 0 0 0.126126 0 0.06713 0.11036 0
U49392.AIF-1       0.205128 0.36385 0.175926 0.351852 0.159722 0.344907 0.191142 0.159722 0.344907 0.083333 0.159722 0.159722 0.069444 0.180556 0.347418 0.159722 0.159722 0.365741 0.347222 0.344907 0.365196 0.363426 0.363426 0.365196 0.06713 0.06713 0.06713 0.363426 0.344907 0.363426 0.06713 0.06713 0.157407 0.344907 0.381944 0.381944 0.381944 0.180556 0.347222 0.06713 0.358796 0.178241 0.358796 0.368056 0.159722 0.157407 0.159722 0.06713 0.06713 0.175926 0.06713 0 0.159722 0.06713
U82792.PE1         0.086168 0.356164 0.051802 0.344595 0 0.326577 0.036281 0 0.326577 0.112613 0 0 0.112613 0.13964 0.349315 0 0 0.353604 0.328829 0.326577 0.347619 0.351351 0.351351 0.347619 0.11036 0.11036 0.11036 0.351351 0.326577 0.351351 0.11036 0.11036 0.002252 0.326577 0.369369 0.364865 0.364865 0.13964 0.328829 0.11036 0.353604 0.054054 0.353604 0.353604 0.004505 0.006757 0 0.11036 0.11036 0.051802 0.11036 0.159722 0 0.11036
Y14768.PE3         0.154195 0.349315 0.126126 0.344595 0.11036 0.326577 0.14059 0.11036 0.326577 0.02027 0.11036 0.11036 0.002252 0.114865 0.335616 0.11036 0.11036 0.344595 0.328829 0.326577 0.342857 0.342342 0.342342 0.342857 0 0 0 0.342342 0.326577 0.342342 0 0 0.108108 0.326577 0.362613 0.36036 0.36036 0.114865 0.333333 0 0.355856 0.128378 0.355856 0.346847 0.114865 0.112613 0.11036 0 0 0.126126 0 0.06713 0.11036 0
